4 6 9 2 8 3 1 7 5 
1 7 5 9 4 6 8 3 2 
8 3 2 5 1 7 4 6 9 
6 9 4 3 2 8 7 5 1 
7 5 1 6 9 4 3 2 8 
3 2 8 7 5 1 6 9 4 
9 4 6 8 3 2 5 1 7 
5 1 7 4 6 9 2 8 3 
2 8 3 1 7 5 9 4 6 
------- 0 -------
3 8 1 6 5 9 4 2 7 
6 5 9 2 7 4 1 3 8 
2 7 4 3 8 1 9 6 5 
8 1 3 5 9 6 7 4 2 
5 9 6 7 4 2 8 1 3 
7 4 2 8 1 3 5 9 6 
1 3 8 9 6 5 2 7 4 
9 6 5 4 2 7 3 8 1 
4 2 7 1 3 8 6 5 9 
------- 0 -------
1 3 6 4 2 9 7 5 8 
7 5 8 1 3 6 4 2 9 
4 2 9 7 5 8 1 3 6 
3 6 1 2 9 4 5 8 7 
5 8 7 3 6 1 2 9 4 
2 9 4 5 8 7 3 6 1 
6 1 3 9 4 2 8 7 5 
8 7 5 6 1 3 9 4 2 
9 4 2 8 7 5 6 1 3 
------- 0 -------
